3511511044
1181 127
1254 Ἴ 131
1399 128
1547 137
1593 132
1725 118126

Antigonae
mm 42 · 114
47 114
t 69 114
76 129
80 94
82 111
100 99
111 104
155 93 94
164 . 137
202 95
423 111
538 114
681 108
696 110
733 110
735 110
741 110
955 121
1350 34

Trachiniarum
schol. 497 109
Aiacis
:1313 156 ῗΞΞ
23 35 92
27 96
34 34
38 35 92
41 36 92
44 118
60 104
57 104126
62 36 92
66 126

- 76 61
79 130
80 112
82 112
91 102
112 , 113
118 129
134 43100106

143

136 schol. 141

158
172
179
201
202
233
245
257
261
265
295
301

30&
312

326 '

328
330
334
340
342
346
360
368
371
387
392
421
428
434
462
469
485
520
565
570
572
596
633
641
646
654
657
634
690
691
693
701
719
735
741
744
746

756

111.
107 schol.
107
100
117
102
132
102
117
102
121
138
103
103
90
124
95

766

784 ’

791
792
809
813
815
818
829
849

861‘

864
866
916
924
940

100 1024
101 1037
121 136 1047

117 1091
98 116 1123
90 1126
114 1150
122 1169
122 1182
95 1184

121 1193
116 127 1205
120 1221
124 1284
96 1289
95 1316
121 1319
57 1328
124 1381
124 138 1402
116 1409
108 125 1415
125 1418

121

100 argum.
{gg schol.

140
129

ast
589
812

109 1441

110

103 argunt

1⁸3·
113
103
126
105
124
101

6389 ’

114
120
124
132
126 136
136
118
128
120
112
57
113
130
40
40
140
123
123
111
110
109
132
, 134
134
102
130
120
110
100
124
127
109

123 Philoctetae

15
34
141
141
95
140

101 Electrae

15.

104 sohol. 1 93133

104
48
104

3
22

23

95
95
130

 

