'INDEX 100011111

. ORDINEM FABVLARVM EVNDEM SERVAVI, QVEM
’ DINDORFIVS IN SGHOLIORVM EDITIONIBVS

²· ι

AESCHYIfI Ι111111. 47 90 13983111111878 ’831
Ρ11111111111 216 64 90 447 111
111111 111 133 63 83 133
⁸⁰ ⁰· 33 11 144 111 111 106
111 111 411 111 111 111

177 114 586 137 333 lg

ἐξ 1313ξ 1111111111 111 100
026 141

307 139 Oedipi Regis 939 119

111 111 schol. l 110 958 119
1111 1119 8 94 1023 116
1111 111 9 98 112 1087 140

14 98 1073 46

Septem 11 11 1111 141
11 14 111 1111 111

8813 i01 111 1111 {33 129⁷ 1³1

134 3117 o 58 110 Oedipi 00101808
³⁷⁷ ¹³4 . 66 ’ 11114111. 10
4²4 ¹³⁸ 20 4111111111111. 26 11
gr uffenamm 13 3ῗὲ 95 1ῗὲ Ῑῗῗ 42 {g
38111. 18 ΞΞΞ Ξέἓ
2012- 1⁴ 111 11
’333333 333 240 121 111 111
0088111111 · 261 123 161 92
,1111111 13⁶ 111 111 666 110
111 11 281 111 111 111
nummum 012 111 112 111
014 111 641 126

trgum. 0 888 88 887 108
ιο 11. 11 188 888 87 888 187
88 101 104 88 888 m

 

